1501
2016270100
0
2016270101
1
2016270102
2
2016270103
3
2016270104
4
2016270105
5
2016270106
6
2016270107
7
2016270108
8
2016270109
9
2016270110
10
2016270111
11
2016270112
12
2016270113
13
2016270114
14
2016270115
15
2016270116
16
2016270117
17
2016270118
18
2016270119
19
2016270120
20
2016270121
21
2016270122
22
2016270123
23
2016270124
24
2016270125
25
2016270126
26
2016270127
27
2016270128
28
2016270129
29
2016270130
30
2016270131
31
2016270132
32
2016270133
33
2016270134
34
2016270135
35
2016270136
36
2016270137
37
2016270138
38
2016270139
39
2016270140
40
2016270141
41
2016270142
42
2016270143
43
2016270144
44
2016270145
45
2016270146
46
2016270147
47
2016270148
48
2016270149
49
2016270150
50
2016270151
51
2016270152
52
2016270153
53
2016270154
54
2016270155
55
2016270156
56
2016270157
57
2016270158
58
2016270159
59
2016270160
60
2016270161
61
2016270162
62
2016270163
63
2016270164
64
2016270165
65
2016270166
66
2016270167
67
2016270168
68
2016270169
69
2016270170
70
2016270171
71
2016270172
72
2016270173
73
2016270174
74
2016270175
75
2016270176
76
2016270177
77
2016270178
78
2016270179
79
2016270180
80
2016270181
81
2016270182
82
2016270183
83
2016270184
84
2016270185
85
2016270186
86
2016270187
87
2016270188
88
2016270189
89
2016270190
90
2016270191
91
2016270192
92
2016270193
93
2016270194
94
2016270195
95
2016270196
96
2016270197
97
2016270198
98
2016270199
99
2016270200
100
2016270201
101
2016270202
102
2016270203
103
2016270204
104
2016270205
105
2016270206
106
2016270207
107
2016270208
108
2016270209
109
2016270210
110
2016270211
111
2016270212
112
2016270213
113
2016270214
114
2016270215
115
2016270216
116
2016270217
117
2016270218
118
2016270219
119
2016270220
120
2016270221
121
2016270222
122
2016270223
123
2016270224
124
2016270225
125
2016270226
126
2016270227
127
2016270228
128
2016270229
129
2016270230
130
2016270231
131
2016270232
132
2016270233
133
2016270234
134
2016270235
135
2016270236
136
2016270237
137
2016270238
138
2016270239
139
2016270240
140
2016270241
141
2016270242
142
2016270243
143
2016270244
144
2016270245
145
2016270246
146
2016270247
147
2016270248
148
2016270249
149
2016270250
150
2016270251
151
2016270252
152
2016270253
153
2016270254
154
2016270255
155
2016270256
156
2016270257
157
2016270258
158
2016270259
159
2016270260
160
2016270261
161
2016270262
162
2016270263
163
2016270264
164
2016270265
165
2016270266
166
2016270267
167
2016270268
168
2016270269
169
2016270270
170
2016270271
171
2016270272
172
2016270273
173
2016270274
174
2016270275
175
2016270276
176
2016270277
177
2016270278
178
2016270279
179
2016270280
180
2016270281
181
2016270282
182
2016270283
183
2016270284
184
2016270285
185
2016270286
186
2016270287
187
2016270288
188
2016270289
189
2016270290
190
2016270291
191
2016270292
192
2016270293
193
2016270294
194
2016270295
195
2016270296
196
2016270297
197
2016270298
198
2016270299
199
2016270300
200
2016270301
201
2016270302
202
2016270303
203
2016270304
204
2016270305
205
2016270306
206
2016270307
207
2016270308
208
2016270309
209
2016270310
210
2016270311
211
2016270312
212
2016270313
213
2016270314
214
2016270315
215
2016270316
216
2016270317
217
2016270318
218
2016270319
219
2016270320
220
2016270321
221
2016270322
222
2016270323
223
2016270324
224
2016270325
225
2016270326
226
2016270327
227
2016270328
228
2016270329
229
2016270330
230
2016270331
231
2016270332
232
2016270333
233
2016270334
234
2016270335
235
2016270336
236
2016270337
237
2016270338
238
2016270339
239
2016270340
240
2016270341
241
2016270342
242
2016270343
243
2016270344
244
2016270345
245
2016270346
246
2016270347
247
2016270348
248
2016270349
249
2016270350
250
2016270351
251
2016270352
252
2016270353
253
2016270354
254
2016270355
255
2016270356
256
2016270357
257
2016270358
258
2016270359
259
2016270360
260
2016270361
261
2016270362
262
2016270363
263
2016270364
264
2016270365
265
2016270366
266
2016270367
267
2016270368
268
2016270369
269
2016270370
270
2016270371
271
2016270372
272
2016270373
273
2016270374
274
2016270375
275
2016270376
276
2016270377
277
2016270378
278
2016270379
279
2016270380
280
2016270381
281
2016270382
282
2016270383
283
2016270384
284
2016270385
285
2016270386
286
2016270387
287
2016270388
288
2016270389
289
2016270390
290
2016270391
291
2016270392
292
2016270393
293
2016270394
294
2016270395
295
2016270396
296
2016270397
297
2016270398
298
2016270399
299
2016270400
300
2016270401
301
2016270402
302
2016270403
303
2016270404
304
2016270405
305
2016270406
306
2016270407
307
2016270408
308
2016270409
309
2016270410
310
2016270411
311
2016270412
312
2016270413
313
2016270414
314
2016270415
315
2016270416
316
2016270417
317
2016270418
318
2016270419
319
2016270420
320
2016270421
321
2016270422
322
2016270423
323
2016270424
324
2016270425
325
2016270426
326
2016270427
327
2016270428
328
2016270429
329
2016270430
330
2016270431
331
2016270432
332
2016270433
333
2016270434
334
2016270435
335
2016270436
336
2016270437
337
2016270438
338
2016270439
339
2016270440
340
2016270441
341
2016270442
342
2016270443
343
2016270444
344
2016270445
345
2016270446
346
2016270447
347
2016270448
348
2016270449
349
2016270450
350
2016270451
351
2016270452
352
2016270453
353
2016270454
354
2016270455
355
2016270456
356
2016270457
357
2016270458
358
2016270459
359
2016270460
360
2016270461
361
2016270462
362
2016270463
363
2016270464
364
2016270465
365
2016270466
366
2016270467
367
2016270468
368
2016270469
369
2016270470
370
2016270471
371
2016270472
372
2016270473
373
2016270474
374
2016270475
375
2016270476
376
2016270477
377
2016270478
378
2016270479
379
2016270480
380
2016270481
381
2016270482
382
2016270483
383
2016270484
384
2016270485
385
2016270486
386
2016270487
387
2016270488
388
2016270489
389
2016270490
390
2016270491
391
2016270492
392
2016270493
393
2016270494
394
2016270495
395
2016270496
396
2016270497
397
2016270498
398
2016270499
399
2016270500
400
2016270501
401
2016270502
402
2016270503
403
2016270504
404
2016270505
405
2016270506
406
2016270507
407
2016270508
408
2016270509
409
2016270510
410
2016270511
411
2016270512
412
2016270513
413
2016270514
414
2016270515
415
2016270516
416
2016270517
417
2016270518
418
2016270519
419
2016270520
420
2016270521
421
2016270522
422
2016270523
423
2016270524
424
2016270525
425
2016270526
426
2016270527
427
2016270528
428
2016270529
429
2016270530
430
2016270531
431
2016270532
432
2016270533
433
2016270534
434
2016270535
435
2016270536
436
2016270537
437
2016270538
438
2016270539
439
2016270540
440
2016270541
441
2016270542
442
2016270543
443
2016270544
444
2016270545
445
2016270546
446
2016270547
447
2016270548
448
2016270549
449
2016270550
450
2016270551
451
2016270552
452
2016270553
453
2016270554
454
2016270555
455
2016270556
456
2016270557
457
2016270558
458
2016270559
459
2016270560
460
2016270561
461
2016270562
462
2016270563
463
2016270564
464
2016270565
465
2016270566
466
2016270567
467
2016270568
468
2016270569
469
2016270570
470
2016270571
471
2016270572
472
2016270573
473
2016270574
474
2016270575
475
2016270576
476
2016270577
477
2016270578
478
2016270579
479
2016270580
480
2016270581
481
2016270582
482
2016270583
483
2016270584
484
2016270585
485
2016270586
486
2016270587
487
2016270588
488
2016270589
489
2016270590
490
2016270591
491
2016270592
492
2016270593
493
2016270594
494
2016270595
495
2016270596
496
2016270597
497
2016270598
498
2016270599
499
2016270600
500
2016270601
501
2016270602
502
2016270603
503
2016270604
504
2016270605
505
2016270606
506
2016270607
507
2016270608
508
2016270609
509
2016270610
510
2016270611
511
2016270612
512
2016270613
513
2016270614
514
2016270615
515
2016270616
516
2016270617
517
2016270618
518
2016270619
519
2016270620
520
2016270621
521
2016270622
522
2016270623
523
2016270624
524
2016270625
525
2016270626
526
2016270627
527
2016270628
528
2016270629
529
2016270630
530
2016270631
531
2016270632
532
2016270633
533
2016270634
534
2016270635
535
2016270636
536
2016270637
537
2016270638
538
2016270639
539
2016270640
540
2016270641
541
2016270642
542
2016270643
543
2016270644
544
2016270645
545
2016270646
546
2016270647
547
2016270648
548
2016270649
549
2016270650
550
2016270651
551
2016270652
552
2016270653
553
2016270654
554
2016270655
555
2016270656
556
2016270657
557
2016270658
558
2016270659
559
2016270660
560
2016270661
561
2016270662
562
2016270663
563
2016270664
564
2016270665
565
2016270666
566
2016270667
567
2016270668
568
2016270669
569
2016270670
570
2016270671
571
2016270672
572
2016270673
573
2016270674
574
2016270675
575
2016270676
576
2016270677
577
2016270678
578
2016270679
579
2016270680
580
2016270681
581
2016270682
582
2016270683
583
2016270684
584
2016270685
585
2016270686
586
2016270687
587
2016270688
588
2016270689
589
2016270690
590
2016270691
591
2016270692
592
2016270693
593
2016270694
594
2016270695
595
2016270696
596
2016270697
597
2016270698
598
2016270699
599
2016270700
600
2016270701
601
2016270702
602
2016270703
603
2016270704
604
2016270705
605
2016270706
606
2016270707
607
2016270708
608
2016270709
609
2016270710
610
2016270711
611
2016270712
612
2016270713
613
2016270714
614
2016270715
615
2016270716
616
2016270717
617
2016270718
618
2016270719
619
2016270720
620
2016270721
621
2016270722
622
2016270723
623
2016270724
624
2016270725
625
2016270726
626
2016270727
627
2016270728
628
2016270729
629
2016270730
630
2016270731
631
2016270732
632
2016270733
633
2016270734
634
2016270735
635
2016270736
636
2016270737
637
2016270738
638
2016270739
639
2016270740
640
2016270741
641
2016270742
642
2016270743
643
2016270744
644
2016270745
645
2016270746
646
2016270747
647
2016270748
648
2016270749
649
2016270750
650
2016270751
651
2016270752
652
2016270753
653
2016270754
654
2016270755
655
2016270756
656
2016270757
657
2016270758
658
2016270759
659
2016270760
660
2016270761
661
2016270762
662
2016270763
663
2016270764
664
2016270765
665
2016270766
666
2016270767
667
2016270768
668
2016270769
669
2016270770
670
2016270771
671
2016270772
672
2016270773
673
2016270774
674
2016270775
675
2016270776
676
2016270777
677
2016270778
678
2016270779
679
2016270780
680
2016270781
681
2016270782
682
2016270783
683
2016270784
684
2016270785
685
2016270786
686
2016270787
687
2016270788
688
2016270789
689
2016270790
690
2016270791
691
2016270792
692
2016270793
693
2016270794
694
2016270795
695
2016270796
696
2016270797
697
2016270798
698
2016270799
699
2016270800
700
2016270801
701
2016270802
702
2016270803
703
2016270804
704
2016270805
705
2016270806
706
2016270807
707
2016270808
708
2016270809
709
2016270810
710
2016270811
711
2016270812
712
2016270813
713
2016270814
714
2016270815
715
2016270816
716
2016270817
717
2016270818
718
2016270819
719
2016270820
720
2016270821
721
2016270822
722
2016270823
723
2016270824
724
2016270825
725
2016270826
726
2016270827
727
2016270828
728
2016270829
729
2016270830
730
2016270831
731
2016270832
732
2016270833
733
2016270834
734
2016270835
735
2016270836
736
2016270837
737
2016270838
738
2016270839
739
2016270840
740
2016270841
741
2016270842
742
2016270843
743
2016270844
744
2016270845
745
2016270846
746
2016270847
747
2016270848
748
2016270849
749
2016270850
750
2016270851
751
2016270852
752
2016270853
753
2016270854
754
2016270855
755
2016270856
756
2016270857
757
2016270858
758
2016270859
759
2016270860
760
2016270861
761
2016270862
762
2016270863
763
2016270864
764
2016270865
765
2016270866
766
2016270867
767
2016270868
768
2016270869
769
2016270870
770
2016270871
771
2016270872
772
2016270873
773
2016270874
774
2016270875
775
2016270876
776
2016270877
777
2016270878
778
2016270879
779
2016270880
780
2016270881
781
2016270882
782
2016270883
783
2016270884
784
2016270885
785
2016270886
786
2016270887
787
2016270888
788
2016270889
789
2016270890
790
2016270891
791
2016270892
792
2016270893
793
2016270894
794
2016270895
795
2016270896
796
2016270897
797
2016270898
798
2016270899
799
2016270900
800
2016270901
801
2016270902
802
2016270903
803
2016270904
804
2016270905
805
2016270906
806
2016270907
807
2016270908
808
2016270909
809
2016270910
810
2016270911
811
2016270912
812
2016270913
813
2016270914
814
2016270915
815
2016270916
816
2016270917
817
2016270918
818
2016270919
819
2016270920
820
2016270921
821
2016270922
822
2016270923
823
2016270924
824
2016270925
825
2016270926
826
2016270927
827
2016270928
828
2016270929
829
2016270930
830
2016270931
831
2016270932
832
2016270933
833
2016270934
834
2016270935
835
2016270936
836
2016270937
837
2016270938
838
2016270939
839
2016270940
840
2016270941
841
2016270942
842
2016270943
843
2016270944
844
2016270945
845
2016270946
846
2016270947
847
2016270948
848
2016270949
849
2016270950
850
2016270951
851
2016270952
852
2016270953
853
2016270954
854
2016270955
855
2016270956
856
2016270957
857
2016270958
858
2016270959
859
2016270960
860
2016270961
861
2016270962
862
2016270963
863
2016270964
864
2016270965
865
2016270966
866
2016270967
867
2016270968
868
2016270969
869
2016270970
870
2016270971
871
2016270972
872
2016270973
873
2016270974
874
2016270975
875
2016270976
876
2016270977
877
2016270978
878
2016270979
879
2016270980
880
2016270981
881
2016270982
882
2016270983
883
2016270984
884
2016270985
885
2016270986
886
2016270987
887
2016270988
888
2016270989
889
2016270990
890
2016270991
891
2016270992
892
2016270993
893
2016270994
894
2016270995
895
2016270996
896
2016270997
897
2016270998
898
2016270999
899
2016271000
900
2016271001
901
2016271002
902
2016271003
903
2016271004
904
2016271005
905
2016271006
906
2016271007
907
2016271008
908
2016271009
909
2016271010
910
2016271011
911
2016271012
912
2016271013
913
2016271014
914
2016271015
915
2016271016
916
2016271017
917
2016271018
918
2016271019
919
2016271020
920
2016271021
921
2016271022
922
2016271023
923
2016271024
924
2016271025
925
2016271026
926
2016271027
927
2016271028
928
2016271029
929
2016271030
930
2016271031
931
2016271032
932
2016271033
933
2016271034
934
2016271035
935
2016271036
936
2016271037
937
2016271038
938
2016271039
939
2016271040
940
2016271041
941
2016271042
942
2016271043
943
2016271044
944
2016271045
945
2016271046
946
2016271047
947
2016271048
948
2016271049
949
2016271050
950
2016271051
951
2016271052
952
2016271053
953
2016271054
954
2016271055
955
2016271056
956
2016271057
957
2016271058
958
2016271059
959
2016271060
960
2016271061
961
2016271062
962
2016271063
963
2016271064
964
2016271065
965
2016271066
966
2016271067
967
2016271068
968
2016271069
969
2016271070
970
2016271071
971
2016271072
972
2016271073
973
2016271074
974
2016271075
975
2016271076
976
2016271077
977
2016271078
978
2016271079
979
2016271080
980
2016271081
981
2016271082
982
2016271083
983
2016271084
984
2016271085
985
2016271086
986
2016271087
987
2016271088
988
2016271089
989
2016271090
990
2016271091
991
2016271092
992
2016271093
993
2016271094
994
2016271095
995
2016271096
996
2016271097
997
2016271098
998
2016271099
999
2016271100
1000
2016271101
1001
2016271102
1002
2016271103
1003
2016271104
1004
2016271105
1005
2016271106
1006
2016271107
1007
2016271108
1008
2016271109
1009
2016271110
1010
2016271111
1011
2016271112
1012
2016271113
1013
2016271114
1014
2016271115
1015
2016271116
1016
2016271117
1017
2016271118
1018
2016271119
1019
2016271120
1020
2016271121
1021
2016271122
1022
2016271123
1023
2016271124
1024
2016271125
1025
2016271126
1026
2016271127
1027
2016271128
1028
2016271129
1029
2016271130
1030
2016271131
1031
2016271132
1032
2016271133
1033
2016271134
1034
2016271135
1035
2016271136
1036
2016271137
1037
2016271138
1038
2016271139
1039
2016271140
1040
2016271141
1041
2016271142
1042
2016271143
1043
2016271144
1044
2016271145
1045
2016271146
1046
2016271147
1047
2016271148
1048
2016271149
1049
2016271150
1050
2016271151
1051
2016271152
1052
2016271153
1053
2016271154
1054
2016271155
1055
2016271156
1056
2016271157
1057
2016271158
1058
2016271159
1059
2016271160
1060
2016271161
1061
2016271162
1062
2016271163
1063
2016271164
1064
2016271165
1065
2016271166
1066
2016271167
1067
2016271168
1068
2016271169
1069
2016271170
1070
2016271171
1071
2016271172
1072
2016271173
1073
2016271174
1074
2016271175
1075
2016271176
1076
2016271177
1077
2016271178
1078
2016271179
1079
2016271180
1080
2016271181
1081
2016271182
1082
2016271183
1083
2016271184
1084
2016271185
1085
2016271186
1086
2016271187
1087
2016271188
1088
2016271189
1089
2016271190
1090
2016271191
1091
2016271192
1092
2016271193
1093
2016271194
1094
2016271195
1095
2016271196
1096
2016271197
1097
2016271198
1098
2016271199
1099
2016271200
1100
2016271201
1101
2016271202
1102
2016271203
1103
2016271204
1104
2016271205
1105
2016271206
1106
2016271207
1107
2016271208
1108
2016271209
1109
2016271210
1110
2016271211
1111
2016271212
1112
2016271213
1113
2016271214
1114
2016271215
1115
2016271216
1116
2016271217
1117
2016271218
1118
2016271219
1119
2016271220
1120
2016271221
1121
2016271222
1122
2016271223
1123
2016271224
1124
2016271225
1125
2016271226
1126
2016271227
1127
2016271228
1128
2016271229
1129
2016271230
1130
2016271231
1131
2016271232
1132
2016271233
1133
2016271234
1134
2016271235
1135
2016271236
1136
2016271237
1137
2016271238
1138
2016271239
1139
2016271240
1140
2016271241
1141
2016271242
1142
2016271243
1143
2016271244
1144
2016271245
1145
2016271246
1146
2016271247
1147
2016271248
1148
2016271249
1149
2016271250
1150
2016271251
1151
2016271252
1152
2016271253
1153
2016271254
1154
2016271255
1155
2016271256
1156
2016271257
1157
2016271258
1158
2016271259
1159
2016271260
1160
2016271261
1161
2016271262
1162
2016271263
1163
2016271264
1164
2016271265
1165
2016271266
1166
2016271267
1167
2016271268
1168
2016271269
1169
2016271270
1170
2016271271
1171
2016271272
1172
2016271273
1173
2016271274
1174
2016271275
1175
2016271276
1176
2016271277
1177
2016271278
1178
2016271279
1179
2016271280
1180
2016271281
1181
2016271282
1182
2016271283
1183
2016271284
1184
2016271285
1185
2016271286
1186
2016271287
1187
2016271288
1188
2016271289
1189
2016271290
1190
2016271291
1191
2016271292
1192
2016271293
1193
2016271294
1194
2016271295
1195
2016271296
1196
2016271297
1197
2016271298
1198
2016271299
1199
2016271300
1200
2016271301
1201
2016271302
1202
2016271303
1203
2016271304
1204
2016271305
1205
2016271306
1206
2016271307
1207
2016271308
1208
2016271309
1209
2016271310
1210
2016271311
1211
2016271312
1212
2016271313
1213
2016271314
1214
2016271315
1215
2016271316
1216
2016271317
1217
2016271318
1218
2016271319
1219
2016271320
1220
2016271321
1221
2016271322
1222
2016271323
1223
2016271324
1224
2016271325
1225
2016271326
1226
2016271327
1227
2016271328
1228
2016271329
1229
2016271330
1230
2016271331
1231
2016271332
1232
2016271333
1233
2016271334
1234
2016271335
1235
2016271336
1236
2016271337
1237
2016271338
1238
2016271339
1239
2016271340
1240
2016271341
1241
2016271342
1242
2016271343
1243
2016271344
1244
2016271345
1245
2016271346
1246
2016271347
1247
2016271348
1248
2016271349
1249
2016271350
1250
2016271351
1251
2016271352
1252
2016271353
1253
2016271354
1254
2016271355
1255
2016271356
1256
2016271357
1257
2016271358
1258
2016271359
1259
2016271360
1260
2016271361
1261
2016271362
1262
2016271363
1263
2016271364
1264
2016271365
1265
2016271366
1266
2016271367
1267
2016271368
1268
2016271369
1269
2016271370
1270
2016271371
1271
2016271372
1272
2016271373
1273
2016271374
1274
2016271375
1275
2016271376
1276
2016271377
1277
2016271378
1278
2016271379
1279
2016271380
1280
2016271381
1281
2016271382
1282
2016271383
1283
2016271384
1284
2016271385
1285
2016271386
1286
2016271387
1287
2016271388
1288
2016271389
1289
2016271390
1290
2016271391
1291
2016271392
1292
2016271393
1293
2016271394
1294
2016271395
1295
2016271396
1296
2016271397
1297
2016271398
1298
2016271399
1299
2016271400
1300
2016271401
1301
2016271402
1302
2016271403
1303
2016271404
1304
2016271405
1305
2016271406
1306
2016271407
1307
2016271408
1308
2016271409
1309
2016271410
1310
2016271411
1311
2016271412
1312
2016271413
1313
2016271414
1314
2016271415
1315
2016271416
1316
2016271417
1317
2016271418
1318
2016271419
1319
2016271420
1320
2016271421
1321
2016271422
1322
2016271423
1323
2016271424
1324
2016271425
1325
2016271426
1326
2016271427
1327
2016271428
1328
2016271429
1329
2016271430
1330
2016271431
1331
2016271432
1332
2016271433
1333
2016271434
1334
2016271435
1335
2016271436
1336
2016271437
1337
2016271438
1338
2016271439
1339
2016271440
1340
2016271441
1341
2016271442
1342
2016271443
1343
2016271444
1344
2016271445
1345
2016271446
1346
2016271447
1347
2016271448
1348
2016271449
1349
2016271450
1350
2016271451
1351
2016271452
1352
2016271453
1353
2016271454
1354
2016271455
1355
2016271456
1356
2016271457
1357
2016271458
1358
2016271459
1359
2016271460
1360
2016271461
1361
2016271462
1362
2016271463
1363
2016271464
1364
2016271465
1365
2016271466
1366
2016271467
1367
2016271468
1368
2016271469
1369
2016271470
1370
2016271471
1371
2016271472
1372
2016271473
1373
2016271474
1374
2016271475
1375
2016271476
1376
2016271477
1377
2016271478
1378
2016271479
1379
2016271480
1380
2016271481
1381
2016271482
1382
2016271483
1383
2016271484
1384
2016271485
1385
2016271486
1386
2016271487
1387
2016271488
1388
2016271489
1389
2016271490
1390
2016271491
1391
2016271492
1392
2016271493
1393
2016271494
1394
2016271495
1395
2016271496
1396
2016271497
1397
2016271498
1398
2016271499
1399
2016271500
1400
2016271501
1401
2016271502
1402
2016271503
1403
2016271504
1404
2016271505
1405
2016271506
1406
2016271507
1407
2016271508
1408
2016271509
1409
2016271510
1410
2016271511
1411
2016271512
1412
2016271513
1413
2016271514
1414
2016271515
1415
2016271516
1416
2016271517
1417
2016271518
1418
2016271519
1419
2016271520
1420
2016271521
1421
2016271522
1422
2016271523
1423
2016271524
1424
2016271525
1425
2016271526
1426
2016271527
1427
2016271528
1428
2016271529
1429
2016271530
1430
2016271531
1431
2016271532
1432
2016271533
1433
2016271534
1434
2016271535
1435
2016271536
1436
2016271537
1437
2016271538
1438
2016271539
1439
2016271540
1440
2016271541
1441
2016271542
1442
2016271543
1443
2016271544
1444
2016271545
1445
2016271546
1446
2016271547
1447
2016271548
1448
2016271549
1449
2016271550
1450
2016271551
1451
2016271552
1452
2016271553
1453
2016271554
1454
2016271555
1455
2016271556
1456
2016271557
1457
2016271558
1458
2016271559
1459
2016271560
1460
2016271561
1461
2016271562
1462
2016271563
1463
2016271564
1464
2016271565
1465
2016271566
1466
2016271567
1467
2016271568
1468
2016271569
1469
2016271570
1470
2016271571
1471
2016271572
1472
2016271573
1473
2016271574
1474
2016271575
1475
2016271576
1476
2016271577
1477
2016271578
1478
2016271579
1479
2016271580
1480
2016271581
1481
2016271582
1482
2016271583
1483
2016271584
1484
2016271585
1485
2016271586
1486
2016271587
1487
2016271588
1488
2016271589
1489
2016271590
1490
2016271591
1491
2016271592
1492
2016271593
1493
2016271594
1494
2016271595
1495
2016271596
1496
2016271597
1497
2016271598
1498
2016271599
1499
2017000000
1500
